pound: 0.45359237
ounce: 0.02835
kilogram: 1
